37 
36 
35 
34 
33 
32 
31 
31 
30 
29 
28 
27 
26 
26 
25 
24 
24 
24 
22 
22 
21 
20 
20 
19 
19 
18 
17 
17 
17 
16 
16 
16 
16 
15 
15 
15 
15 
15 
15 
16 
16 
16 
16 
16 
16 
16 
16 
16 
17 
17 
17 
17 
18 
19 
19 
19 
20 
20 
20 
20 
21 
22 
22 
23 
24 
25 
26 
26 
28 
29 
30 
30 
32 
33 
34 
36 
36 
37 
39 
40 
41 
42 
42 
43 
45 
46 
48 
49 
50 
51 
51 
53 
53 
54 
54 
55 
56 
58 
59 
60 
61 
62 
62 
63 
64 
64 
65 
65 
67 
68 
68 
69 
69 
70 
71 
71 
71 
71 
71 
72 
72 
72 
72 
73 
72 
72 
73 
72 
72 
71 
71 
71 
70 
71 
71 
71 
71 
70 
72 
72 
73 
73 
72 
72 
73 
73 
74 
74 
75 
74 
73 
73 
75 
75 
74 
74 
74 
75 
75 
76 
77 
76 
77 
76 
76 
75 
76 
77 
77 
78 
78 
78 
78 
78 
79 
78 
78 
78 
79 
79 
78 
79 
80 
81 
81 
81 
82 
83 
83 
82 
81 
82 
84 
83 
84 
85 
85 
85 
86 
84 
84 
84 
85 
85 
84 
84 
83 
84 
84 
84 
84 
84 
84 
85 
86 
85 
84 
83 
81 
80 
78 
78 
77 
79 
83 
83 
82 
78 
77 
76 
76 
78 
78 
81 
82 
82 
77 
74 
72 
72 
74 
75 
77 
80 
79 
75 
74 
74 
75 
74 
75 
75 
74 
72 
73 
73 
73 
73 
73 
72 
70 
69 
67 
64 
63 
59 
55 
48 
45 
44 
44 
44 
44 
43 
42 
41 
40 
40 
39 
38 
37 
36 
35 
34 
34 
33 
32 
31 
