37.60626805
35.35003924
33.85120162
31.91221404
30.06774044
28.66188785
26.59905544
25.67625698
24.33518189
22.94199774
21.08254668
20.08754441
19.42607135
17.9218044
17.0860624
16.51913452
16.18423238
15.34087685
15.32917571
15.70058539
16.08528757
16.35591146
16.52181798
16.42970663
17.22800499
17.44249463
18.3911292
19.30671975
20.16424146
20.95052665
21.57748917
22.88789168
24.55937567
26.39480039
28.38458651
30.09073707
32.2391594
34.63109019
36.87967426
39.66897565
41.63170874
42.96292367
45.25213408
48.16743332
50.46912494
51.90365311
53.90314337
54.98738631
56.4209784
59.64971208
61.02158457
62.8211258
64.04821622
65.20616072
67.5362159
68.02182868
69.59443027
71.2323398
71.66303524
71.9848009
72.72421914
72.5467051
72.82640907
73.15376007
72.25810826
71.37375194
70.6415416
71.09944609
71.43790537
72.313088
73.09559762
72.50835657
73.32559517
74.04572993
75.02559873
73.77997371
75.92873928
74.61833677
74.37978959
75.72791657
77.06974053
77.00755289
76.32657793
76.02081942
77.33821142
78.54979393
78.84890619
79.85576561
78.95824161
79.02286309
78.12212518
80.04017553
81.44066119
82.54899287
83.49407029
81.85094985
84.2403532
84.53881019
85.35433262
86.17022949
84.13288995
85.28534272
84.76702916
83.82828596
84.16268885
84.90488416
84.88085782
86.09094259
84.92572778
81.89279312
78.87006184
77.87437311
83.28588366
82.19633621
77.52998525
76.87378549
78.46379837
82.46742815
77.08830634
72.83299291
74.08769801
77.80216929
79.13382107
74.75325867
75.25400492
75.08120254
74.29978502
73.16954881
73.14982849
73.54464045
70.85144439
67.9818888
63.44662177
55.12577176
45.44562408
44.43133834
44.07328355
42.78696978
40.25478136
39.07855189
37.22178429
35.41391185
34.1402353
32.64454919
