0.0
0.0
0.004941868266039371
0.0
0.02566681706539595
0.0
0.015236881474583755
0.0
0.0
0.0
0.0
0.003477523326014021
0.0
0.0
0.0
0.0
0.0007831002847084104
0.060839169403307906
0.0
0.0
0.0
0.013795648886194124
0.0
0.0
0.03608930662195549
0.03728788367629276
0.0
0.03200438283245466
0.016338714836096484
0.08461278328330107
0.013947220347730958
0.0
0.0
0.0
0.2604075280776484
0.9012154541123283
1.8147322797032146
3.0452855997382544
4.609701374485946
6.462155283378687
8.633164956121458
11.194108190952962
14.036247190128899
17.21761088826416
20.663637349324077
24.504782361991158
28.588431914014134
33.03453173606221
37.809899071673904
42.849793645968646
48.222164625786746
53.326043896577126
58.232609132222265
62.90687585469723
67.31642425025622
71.48363915597469
75.29016382735865
78.94505336835064
82.29277672580936
85.41014404594472
88.29153050716128
90.88488940784796
93.20775923813851
95.28139798443253
97.09922380800198
98.72736897886837
99.99503779217915
101.07019283764072
101.86007100753717
102.40494980510698
102.66523453517713
102.71576510099389
102.55980410908444
102.06178472359491
101.27282603647207
100.30284699648665
99.0722538669546
97.61932805099399
95.86112379209945
93.78992593411633
91.54232579326938
89.11060535954813
86.29923761973241
83.2754611149306
79.96577749771016
76.46531213773919
72.59762176332168
68.6231153142525
64.29040623622902
59.78433226064622
54.91344839902509
49.7836998284812
44.48277537296001
38.89006164440543
33.10376352868803
26.949543586831133
20.589190263011766
14.01522771128106
7.083802177521765
0.024181779203311788
