37.60626805
33.85120162
30.06774044
26.59905544
24.33518189
21.08254668
19.42607135
17.0860624
16.18423238
15.32917571
16.08528757
16.52181798
17.22800499
18.3911292
20.16424146
21.57748917
24.55937567
28.38458651
32.2391594
36.87967426
41.63170874
45.25213408
50.46912494
53.90314337
56.4209784
61.02158457
64.04821622
67.5362159
69.59443027
71.66303524
72.72421914
72.82640907
72.25810826
70.6415416
71.43790537
73.09559762
73.32559517
75.02559873
75.92873928
74.37978959
77.06974053
76.32657793
77.33821142
78.84890619
78.95824161
78.12212518
81.44066119
83.49407029
84.2403532
85.35433262
84.13288995
84.76702916
84.16268885
84.88085782
84.92572778
78.87006184
83.28588366
77.52998525
78.46379837
77.08830634
74.08769801
79.13382107
75.25400492
74.29978502
73.14982849
70.85144439
63.44662177
45.44562408
44.07328355
40.25478136
37.22178429
34.1402353
