0.00555071520863138
0.0
0.0
0.0
0.0
0.007100988225686158
0.013825667170095302
0.0
0.024182544101843437
0.024492471785349364
0.01242917222604157
0.11015193394966433
0.2838628800459259
0.568850984781891
0.9213379515517386
1.4053955383143404
1.9392991264445265
2.6481508698486884
3.399041041363164
4.258407365484534
5.243615314877268
6.287280313530122
7.432298987480866
8.673350221907475
10.065918820257565
11.470573108820822
13.015571352386937
14.646922387833728
16.371379005587148
18.208511046076882
20.16119160497701
22.110033534621
23.93015818975458
25.666954518223033
27.30497425289128
28.79254166864683
30.271774994944312
31.641848722969083
32.85484302794589
33.94832892232128
35.090500424704295
35.99729421608773
36.795364868912095
37.5831622030973
38.15232128956786
38.747772694287484
39.230386011750554
39.53021045606887
39.77007569319808
39.98027308800805
39.98093881420929
39.98077193625742
39.790592842782665
39.531653173769925
39.15859662046106
38.74995462389243
38.225352892395335
37.55963967812598
36.83278518396083
36.002629042970625
35.029843040326604
34.05835465030435
32.886565448597004
31.655358470332505
30.296310277549797
28.877124614513725
27.35983546627992
25.690521332149082
23.91311014974989
22.078257922418633
20.19660925513909
18.21928077425864
16.39254540267025
14.650231063519769
13.019338436635012
11.468526754921712
10.023893557700433
8.65984620107568
7.440368209715172
6.310444118035846
5.277019633380573
4.247016656359573
3.392298923898796
2.644587101843336
1.9507946166501668
1.3847159694199753
0.9744077141790916
0.5449335110163523
0.25408590007482035
0.08709962605952681
0.02240082027820436
0.00593906831542352
0.0
0.012662843753403931
0.02998095243484036
0.0
0.0
0.0
0.0
0.0
